2.0
2.0
26.0
2.0
1.0
12.5
37.0
9.0
30.5
1.0
77.0
2.0
12.5
2.0
58.0
58.5
49.5
22.0
8.0
14.5
21.5
0.5
26.0
2.0
0.0
2.0
5.0
3.5
4.0
41.0
5.0
2.0
2.0
2.0
2.0
0.0
14.0
2.0
2.0
55.0
17.0
13.5
12.0
7.5
7.0
6.5
6.0
4.0
2.0
1.0
0.0
0.0
1.0
119.5
1.0
0.5
0.0
142.0
59.0
18.5
7.0
1.0
1.0
0.5
0.0
0.0
26.0
40.0
10.0
2.0
2.0
1.5
0.5
0.5
0.0
0.0
0.0
4.0
4.0
0.0
0.0
2.0
2.0
2.0
0.5
0.5
0.5
0.0
0.0
0.0
8.0
7.5
2.0
1.5
1.0
0.5
0.5
0.0
0.0
0.0
0.0
8.0
8.0
39.0
29.0
17.0
93.0
74.0
19.0
7.0
3.5
2.5
2.0
2.0
1.5
1.5
1.0
19.0
13.0
1.0
1.0
0.5
0.5
6.0
2.0
2.0
2.0
1.0
1.0
0.5
0.5
0.5
0.5
0.0
0.0
0.0
55.5
46.0
44.5
41.0
39.5
35.0
14.5
12.0
6.5
38.0
15.0
51.5
50.0
49.5
22.0
60.5
59.5
54.5
50.0
26.0
17.0
56.0
18.5
14.5
44.0
12.5
44.5
37.0
25.0
43.5
29.0
20.5
14.5
31.5
25.5
18.0
16.5
69.5
53.0
42.0
21.0
11.5
10.5
90.0
68.0
48.5
25.0
23.0
14.0
9.0
4.0
2.5
2.5
2.5
2.0
2.0
2.0
1.5
0.5
0.0
0.0
0.0
0.0
6.0
0.0
0.0
8.5
3.0
2.5
1.0
1.0
0.0
0.0
0.0
4.0
3.5
3.5
3.5
2.5
2.0
0.5
0.5
0.0
0.0
0.0
0.0
51.0
10.0
2.0
2.0
2.0
2.0
2.0
42.5
6.5
2.0
2.0
8.0
2.5
2.0
2.0
2.0
2.0
2.0
36.0
21.5
7.0
6.5
5.5
3.5
2.5
2.0
2.0
2.0
2.0
2.0
1.5
1.0
1.0
0.5
20.5
10.0
8.5
2.0
2.0
2.0
0.5
0.0
0.0
0.0
0.0
0.5
0.5
0.0
0.0
0.0
0.0
5.5
2.0
0.5
0.0
0.0
0.0
51.5
42.0
0.0
0.0
0.0
0.0
0.0
0.0
0.0
0.0
34.5
22.5
10.0
6.0
5.5
3.5
2.5
2.0
2.0
2.0
2.0
0.0
0.0
6.5
6.5
2.5
2.0
2.0
1.5
0.5
0.5
0.5
0.0
0.0
0.0
0.0
7.5
4.5
4.5
2.5
2.0
2.0
2.0
2.0
2.0
2.0
1.5
1.5
1.0
1.0
1.0
16.0
6.0
2.0
2.0
2.0
2.0
1.5
0.5
0.5
0.5
9.0
17.5
7.5
7.0
3.0
2.0
2.0
2.0
2.0
7.0
5.5
4.0
2.5
2.0
2.0
2.0
2.0
2.0
2.0
1.5
30.5
12.5
9.0
8.5
7.0
5.0
34.5
28.0
12.0
7.5
7.5
3.5
3.5
2.0
2.0
1.5
15.0
6.0
5.5
2.0
150.0
14.5
13.0
9.0
7.0
5.5
18.5
11.5
9.0
7.0
36.5
34.5
25.5
6.0
5.0
3.5
55.0
15.0
8.0
7.0
5.5
4.0
3.0
2.0
2.0
6.5
4.5
4.5
2.0
2.0
2.0
8.5
6.0
2.5
2.5
37.0
13.0
7.0
7.0
4.5
24.0
22.5
8.0
9.0
6.0
3.5
30.0
7.5
9.0
8.5
6.0
6.0
4.0
2.0
2.0
1.5
4.0
2.0
2.0
1.5
1.0
1.0
1.0
1.0
0.5
0.5
0.5
0.5
0.5
0.0
0.0
3.0
0.5
295.0
5.5
4.5
3.0
2.5
2.0
2.0
1.5
1.5
1.5
1.0
1.0
0.5
0.0
0.0
0.0
0.0
0.0
0.0
19.0
17.0
15.0
11.5
9.0
7.5
7.0
6.5
4.5
3.0
2.5
2.0
1.0
0.5
31.0
13.5
12.5
12.0
9.0
6.5
4.0
3.5
2.0
2.0
2.0
1.0
1.0
60.5
15.0
12.0
11.5
11.0
8.5
6.5
78.5
17.0
9.5
9.0
5.0
4.0
130.5
67.5
38.0
24.5
23.0
20.0
18.5
16.5
93.5
48.5
36.0
24.5
99.5
77.5
24.5
10.0
290.5
58.5
57.0
450.5
446.5
59.5
525.0
116.0
468.0
464.0
262.5
111.5
485.5
481.5
500.5
497.5
422.0
55.0
14.0
26.5
278.5
27.0
23.5
15.0
10.0
8.5
7.0
3.5
3.0
116.0
26.0
5.0
3.5
19.5
15.0
7.5
6.0
27.5
11.5
10.5
7.0
5.5
5.0
4.0
3.5
3.0
40.0
35.0
14.0
9.0
3.5
2.0
2.0
2.0
2.0
2.0
2.0
2.0
2.0
27.5
18.0
13.5
28.0
22.5
22.5
20.0
11.5
22.0
22.0
15.5
14.5
11.0
8.5
8.0
21.0
17.0
14.0
10.5
10.0
10.0
17.0
15.0
14.0
13.5
13.0
9.0
19.5
868.5
836.5
709.0
895.5
875.0
184.0
101.0
96.0
51.5
16.0
19.5
21.0
16.5
17.5
2369.0
1469.5
334.0
93.5
90.0
1386.0
1285.5
1420.0
3048.5
1585.0
1583.0
3918.5
3810.5
2065.5
1542.5
3747.5
1484.5
720.5
152.5
149.5
2898.5
2294.0
1485.0
171.0
2024.5
1472.5
1470.5
2922.5
2041.0
1516.5
322.0
149.0
1508.5
1162.5
132.5
3724.5
2941.0
2486.5
1513.0
1511.0
3219.0
2909.0
2447.5
1497.5
1534.0
2939.0
1513.5
1511.0
573.0
2063.5
169.0
3395.5
2663.5
168.0
160.0
2971.5
2321.5
252.5
2908.5
1515.5
4707.0
4690.5
21.5
20.0
18.0
18.0
16.5
15.0
713.0
126.0
111.5
52.0
36.0
28.5
28.0
20.5
381.0
310.0
79.0
74.0
63.5
58.0
57.0
42.5
42.0
33.5
25.5
14.0
44.0
38.0
19.5
3.0
2.0
2.0
2.0
0.0
0.0
5.0
4.0
4.0
3.0
2.0
0.0
0.0
0.0
0.0
10.5
9.0
7.5
6.0
2.0
2.0
2.0
0.0
0.0
2.0
0.0
1.5
0.0
18.0
3.0
2.0
1.0
0.0
20.0
16.0
17.5
14.0
2.0
2.0
0.0
0.5
0.0
0.0
