1.0
1.0
0.4
1.0
0.8
0.41818181818181815
0.7790697674418605
0.4444444444444444
1.1886792452830188
0.6666666666666666
0.599250936329588
1.0
0.4177215189873418
1.0
0.6941176470588235
0.6946107784431138
0.7637795275590551
0.4626865671641791
0.4444444444444444
0.4166666666666667
1.1458333333333333
0.5
0.7868852459016393
1.0
2.0
21.307692307692307
0.09243697478991597
0.05357142857142857
0.04680851063829787
1.7678571428571428
0.9640522875816994
1.0
1.0
1.0
1.0
0.6666666666666666
0.3707865168539326
1.0
1.0
0.3569023569023569
0.2746987951807229
0.33620689655172414
0.2920634920634921
0.2391304347826087
0.38461538461538464
0.12745098039215685
0.12
6.071428571428571
1.0
0.32558139534883723
0.5
0.14
1.5
1.4097222222222223
1.5
1.0
0.6666666666666666
0.8088235294117647
0.8539325842696629
0.46808510638297873
0.2891566265060241
4.678571428571429
0.30985915492957744
1.0
1.5
0.24
0.7962962962962963
0.6565656565656566
0.38028169014084506
0.08571428571428572
1.0
1.0
1.0
1.0
1.5
0.2857142857142857
0.75
0.14049586776859505
0.10526315789473684
0.6666666666666666
0.6666666666666666
1.0
1.0
1.0
1.0
1.0
1.0
0.6666666666666666
0.14285714285714285
0.2857142857142857
0.39215686274509803
0.144
0.75
1.0
7.181818181818182
1.5
0.4
0.6666666666666666
1.5
0.4
0.5
9.666666666666666
4.411764705882353
0.49122807017543857
0.7358490566037735
0.31223628691983124
1.1181818181818182
1.2210526315789474
1.3333333333333333
4.538461538461538
8.454545454545455
15.2
1.0
1.0
1.0
1.0
1.5
1.7037037037037037
4.627906976744186
1.5
0.6666666666666666
1.0
0.6666666666666666
7.85
1.0
0.75
12.0
0.6666666666666666
4.0
1.0
0.6666666666666666
1.5
1.0
0.6666666666666666
1.5
0.18518518518518517
1.4675324675324675
1.704225352112676
1.5714285714285714
0.5882352941176471
1.9272727272727272
1.536231884057971
3.2
5.594594594594595
3.0
0.8955223880597015
5.097560975609756
1.2941176470588236
1.208955223880597
0.7848101265822784
2.1515151515151514
1.4150943396226414
1.4268292682926829
1.4545454545454546
1.5492957746478873
0.6415094339622641
4.586956521739131
1.1466666666666667
1.3636363636363635
4.6521739130434785
1.4285714285714286
2.625
1.7746478873239437
1.621212121212121
1.5454545454545454
1.6615384615384616
0.9767441860465116
2.0285714285714285
4.5
1.0769230769230769
1.3636363636363635
4.4375
0.9032258064516129
1.288888888888889
1.4935064935064934
1.619718309859155
1.8709677419354838
0.38461538461538464
5.333333333333333
1.3679245283018868
1.3584905660377358
1.4833333333333334
1.0740740740740742
2.3333333333333335
1.9444444444444444
3.8181818181818183
5.444444444444445
5.0
1.0
1.0
5.571428571428571
1.0
1.3333333333333333
1.0
1.0
5.25
2.3333333333333335
1.5
4.4
4.2631578947368425
1.3333333333333333
1.5
3.2
3.066666666666667
10.5
4.933333333333334
1.5
1.5
2.5
2.0
0.5679012345679012
0.3488372093023256
1.0
16.0
6.0
1.0
1.0
0.6666666666666666
0.5
0.6666666666666666
0.75
0.6666666666666666
0.220873786407767
0.3333333333333333
1.0
1.0
1.0
1.0
1.0
0.21342925659472423
15.210526315789474
1.0
1.0
0.20618556701030927
1.0
1.0
0.75
1.0
1.0
1.0
0.1691842900302115
0.43478260869565216
0.2777777777777778
0.17647058823529413
0.28448275862068967
0.24705882352941178
1.0
1.0
0.2830188679245283
1.0
1.0
1.0
1.0
0.3
1.5
1.0
0.5636363636363636
0.26595744680851063
0.3181818181818182
1.0
1.0
1.0
0.6666666666666666
0.6666666666666666
0.6666666666666666
0.6666666666666666
0.09523809523809523
1.0
1.0
9.0
1.5
0.25
1.5
0.33035714285714285
1.0
1.0
3.3333333333333335
0.6
1.5
0.5289855072463768
0.4092664092664093
0.5
0.6
0.25
1.5
0.2222222222222222
0.3333333333333333
0.75
0.2857142857142857
1.930232558139535
0.30454545454545456
0.25161290322580643
0.2978723404255319
0.21686746987951808
0.21212121212121213
1.0
1.0
1.0
1.0
0.11940298507462686
0.6666666666666666
0.3333333333333333
10.928571428571429
8.666666666666666
5.214285714285714
20.833333333333332
1.0
1.0
3.5
1.5
10.4
13.6
2.5
4.666666666666667
0.13333333333333333
4.857142857142857
15.0
0.10024449877750612
0.06896551724137931
1.0
1.0
1.0
1.0
1.0
1.0
12.571428571428571
0.6666666666666666
1.5
1.5
0.21153846153846154
1.0
0.36363636363636365
1.0
1.0
1.0
24.833333333333332
14.0
1.0
2.0
1.5
0.6165413533834586
0.18404907975460122
9.333333333333334
0.2647058823529412
1.25
1.0
1.3333333333333333
3.1971830985915495
1.0
0.2627118644067797
0.2602739726027397
0.4
14.833333333333334
1.0
1.3333333333333333
1.0
1.0
1.0
1.0
1.0
6.617021276595745
9.785714285714286
0.3717948717948718
0.11510791366906475
0.17094017094017094
0.33962264150943394
7.925
0.33884297520661155
0.3787878787878788
0.4186046511627907
0.35555555555555557
0.08823529411764706
0.07975460122699386
0.18292682926829268
1.0
1.5572519083969465
0.35789473684210527
6.2
0.3548387096774194
1.0
0.437125748502994
0.47619047619047616
0.14791666666666667
1.0
0.45454545454545453
0.543859649122807
0.18541666666666667
0.42857142857142855
0.22018348623853212
0.39855072463768115
0.8666666666666667
0.45901639344262296
0.2520833333333333
0.5929203539823009
0.5384615384615384
0.9490740740740741
2.372093023255814
0.525
0.45714285714285713
0.34782608695652173
0.10476190476190476
0.1652892561983471
0.2777777777777778
1.0
1.0
0.24242424242424243
0.19696969696969696
0.4897959183673469
1.0
1.0
1.0
0.4690265486725664
0.786046511627907
9.0
0.23076923076923078
0.45384615384615384
2.0454545454545454
0.2911392405063291
0.06289308176100629
0.0851063829787234
0.5833333333333334
0.29936305732484075
0.2962962962962963
2.0588235294117645
0.75
0.4634146341463415
0.6595744680851063
1.631578947368421
2.2
0.6086956521739131
2.235294117647059
10.25
0.3424657534246575
1.0
1.0
6.8
5.0
0.75
14.0
4.777777777777778
2.5
0.6666666666666666
1.5
6.363636363636363
25.333333333333332
1.0
2.0
1.5
2.5
1.5
2.5
6.857142857142857
8.166666666666666
16.0
10.8
18.333333333333332
11.7
11.6
1.0
20.0
11.5
6.466666666666667
20.0
13.333333333333334
11.5
26.2
1.5
3.0
1.5
6.5
7.0
1.5
2.4545454545454546
3.0
2.6774193548387095
2.9714285714285715
3.12
2.9166666666666665
2.5172413793103448
3.032258064516129
2.4545454545454546
2.888888888888889
8.791666666666666
1.0
1.5
6.773584905660377
2.5576923076923075
2.7037037037037037
3.1379310344827585
3.537037037037037
2.625
2.9285714285714284
4.666666666666667
3.5454545454545454
3.1739130434782608
3.0434782608695654
1.0
3.5
5.0
1.5
2.6857142857142855
3.176470588235294
2.948717948717949
2.6470588235294117
2.4761904761904763
3.2222222222222223
1.9385964912280702
1.8275862068965518
1.9473684210526316
5.6
3.8333333333333335
8.133333333333333
1.7058823529411764
1.858974358974359
1.8653846153846154
1.7272727272727273
1.3571428571428572
2.0
1.8048780487804879
1.7037037037037037
2.0
1.1029411764705883
1.9574468085106382
1.0740740740740742
0.9444444444444444
1.4190476190476191
3.0625
2.6666666666666665
0.375
1.894736842105263
2.5849056603773586
5.1
5.05
1.8846153846153846
5.1
2.6265060240963853
5.368421052631579
5.368421052631579
3.1904761904761907
2.0
5.666666666666667
5.666666666666667
6.0588235294117645
6.0588235294117645
4.9
2.9215686274509802
2.25
1.3884297520661157
7.375
2.46875
12.727272727272727
3.433333333333333
6.102564102564102
7.75
0.18699186991869918
9.428571428571429
0.14772727272727273
6.818181818181818
2.588235294117647
10.166666666666666
17.571428571428573
10.290322580645162
7.814814814814815
6.871794871794871
0.21774193548387097
3.6341463414634148
0.1141552511415525
5.484848484848484
3.9583333333333335
8.072463768115941
12.571428571428571
8.666666666666666
5.181818181818182
6.142857142857143
4.619718309859155
3.7252747252747254
5.044444444444444
4.975903614457831
3.4925373134328357
1.0
13.6
1.0
9.4
5.25
4.987654320987654
1.0
1.0
3.8227848101265822
4.888888888888889
5.222222222222222
3.541176470588235
2.6153846153846154
1.9310344827586208
2.763157894736842
4.747126436781609
2.34375
3.1527777777777777
3.5223880597014925
2.3666666666666667
5.568181818181818
4.882352941176471
4.8076923076923075
3.0422535211267605
3.1052631578947367
2.161290322580645
3.6511627906976742
3.5
2.806451612903226
3.9545454545454546
4.0
4.125
3.7241379310344827
2.774193548387097
3.8947368421052633
3.509433962264151
3.3333333333333335
3.3333333333333335
2.9714285714285715
3.2972972972972974
3.2972972972972974
2.7954545454545454
0.6060606060606061
0.7297297297297297
0.3829787234042553
0.4
2.217391304347826
1.6363636363636365
3.0357142857142856
1.6818181818181819
1.1111111111111112
0.9090909090909091
1.9056603773584906
0.10869565217391304
0.11363636363636363
0.8260869565217391
1.0512820512820513
1.0
1.0833333333333333
0.9772727272727273
0.9772727272727273
1.0588235294117647
0.8840579710144928
0.98
1.0
1.0606060606060606
0.9767441860465116
4.3023255813953485
8.0
8.0
1.1694915254237288
1.1923076923076923
0.9767441860465116
6.833333333333333
1.0204081632653061
1.0
1.0
1.105263157894737
1.0
1.0
7.583333333333333
8.0
1.0
4.428571428571429
0.10869565217391304
1.0606060606060606
1.103448275862069
1.1730769230769231
0.9767441860465116
0.9767441860465116
1.1355932203389831
1.0862068965517242
1.1568627450980393
0.9767441860465116
1.0
1.0862068965517242
0.9767441860465116
0.9767441860465116
3.8974358974358974
1.0204081632653061
6.666666666666667
0.9841269841269841
1.0178571428571428
6.666666666666667
6.5
1.152542372881356
1.1481481481481481
5.785714285714286
1.0862068965517242
0.9767441860465116
7.115384615384615
7.096153846153846
2.5161290322580645
1.1851851851851851
1.875
2.3043478260869565
2.6956521739130435
3.4782608695652173
1.734375
0.8125
1.2432432432432432
1.1111111111111112
0.9574468085106383
0.9375
1.8918918918918919
0.8518518518518519
0.49
0.48936170212765956
1.0
0.7976190476190477
0.8488372093023255
0.7529411764705882
0.6
0.6419753086419753
0.5217391304347826
1.1458333333333333
0.7209302325581395
0.6551724137931034
0.559322033898305
0.4276315789473684
0.5581395348837209
0.34285714285714286
0.75
1.0
1.0
1.3333333333333333
0.21428571428571427
2.473684210526316
6.714285714285714
5.9
0.06521739130434782
1.0
2.7142857142857144
0.6666666666666666
0.6666666666666666
1.5
2.9565217391304346
6.285714285714286
3.0
2.4583333333333335
1.0
1.0
1.0
2.5
0.04395604395604396
1.0
1.2
1.0
0.5
0.8611111111111112
0.2261904761904762
0.08571428571428572
1.0
0.6666666666666666
0.38596491228070173
0.8888888888888888
0.8461538461538461
2.2
1.0
1.0
1.5
1.5
2.0
1.3333333333333333
